array_size,cpu_cycles,cycles_start,cycles_end,time_ns,time_ms,pkg_joules,pkg_mJ,dram_joules,dram_mJ,total_joules,total_mJ
100000,35324612596,2327642331357,2362966943953,10412895387.354,10412.895387,221.351410,221351.410,,,221.351410,221351.410
100000,35321258318,2362968110598,2398289368916,10411894345.440,10411.894345,222.436768,222436.768,,,222.436768,222436.768
100000,35320411159,2398289923279,2433610334438,10411635415.125,10411.635415,222.869324,222869.324,,,222.869324,222869.324
100000,35318108502,2433610881293,2468928989795,10424781996.748,10424.781997,223.193451,223193.451,,,223.193451,223193.451
100000,35321784385,2468929535850,2504251320235,10727620400.218,10727.620400,223.597992,223597.992,,,223.597992,223597.992
100000,35321418226,2504251921357,2539573339583,10411962967.090,10411.962967,223.960526,223960.526,,,223.960526,223960.526
100000,35318211432,2539573890494,2574892101926,10410996193.545,10410.996194,224.281219,224281.219,,,224.281219,224281.219
100000,35321751516,2574892662323,2610214413839,10412033590.408,10412.033590,224.639038,224639.038,,,224.639038,224639.038
100000,35317025197,2610214960473,2645531985670,10410655725.223,10410.655725,224.994278,224994.278,,,224.994278,224994.278
100000,35317655848,2645532565060,2680850220908,10410810938.090,10410.810938,225.076920,225076.920,,,225.076920,225076.920
100000,35315796745,2680850765717,2716166562462,10410293605.515,10410.293606,225.251251,225251.251,,,225.251251,225251.251
100000,35317134338,2716167105872,2751484240210,10410690966.342,10410.690966,225.444153,225444.153,,,225.444153,225444.153
100000,35317464674,2751484785780,2786802250454,10423595103.982,10423.595104,225.641602,225641.602,,,225.641602,225641.602
100000,35318137708,2786802796860,2822120934568,10410999012.790,10410.999013,225.846832,225846.832,,,225.846832,225846.832
100000,35330223194,2822121479645,2857451702839,10414500145.177,10414.500145,226.438812,226438.812,,,226.438812,226438.812
100000,35317278550,2857452293752,2892769572302,10410715063.715,10410.715064,226.017441,226017.441,,,226.017441,226017.441
100000,35317867754,2892770118253,2928087986007,10410891816.286,10410.891816,226.090561,226090.561,,,226.090561,226090.561
100000,35316396039,2928088529968,2963404926007,10410454919.928,10410.454920,226.148392,226148.392,,,226.148392,226148.392
100000,35319297317,2963405488129,2998724785446,10411276390.399,10411.276390,226.205521,226205.521,,,226.205521,226205.521
100000,35319378213,2998725329850,3034044708063,10411309443.595,10411.309444,226.373871,226373.871,,,226.373871,226373.871
100000,35317293557,3034045267610,3069362561167,10410722556.270,10410.722556,226.404327,226404.327,,,226.404327,226404.327
100000,35317860898,3069363107189,3104680968087,10410889795.295,10410.889795,226.641464,226641.464,,,226.641464,226641.464
100000,35316677891,3104681513073,3139998190964,10410513453.140,10410.513453,226.733276,226733.276,,,226.733276,226733.276
100000,35317841233,3139998735383,3175316576616,10423613948.840,10423.613949,226.800720,226800.720,,,226.800720,226800.720
100000,35319272919,3175317120450,3210636393369,10411318302.543,10411.318303,226.975601,226975.601,,,226.975601,226975.601
100000,35318976999,3210636938901,3245955915900,10411215727.110,10411.215727,226.956757,226956.757,,,226.956757,226956.757
100000,35319888992,3245956493279,3281276382271,10681743232.102,10681.743232,227.062210,227062.210,,,227.062210,227062.210
100000,35316546105,3281276931630,3316593477735,10410505293.458,10410.505293,227.066345,227066.345,,,227.066345,227066.345
100000,35314792387,3316594022072,3351908814459,10423049429.717,10423.049430,227.031418,227031.418,,,227.031418,227031.418
100000,35315332109,3351909358771,3387224690880,10410153572.714,10410.153573,227.192841,227192.841,,,227.192841,227192.841
