target_ratio,target_freq_ghz,current_ratio,current_freq_ghz,mperf_cycles,aperf_cycles,actual_freq_ghz,energy_j,bench_cycles
31,3.1,31,3.1,11488904688,11488904653,3.1,63.4896,11488897780
30,3,30,3,11871661892,11488705022,3,63.1358,11871655166
29,2.9,29,2.9,12281140520,11488808837,2.9,62.261,12281133516
28,2.8,28,2.8,12719027990,11488154278,2.8,61.9681,12719020833
27,2.7,27,2.7,13190431484,11488440299,2.7,61.3518,13190424116
26,2.6,26,2.6,13697873818,11488539295,2.6,61.2047,13697866158
25,2.5,25,2.5,14246463436,11489083383,2.5,60.5949,14246455348
24,2.4,24,2.4,14840022648,11489049757,2.4,60.4753,14840014443
23,2.3,23,2.3,15484622289,11488590697,2.3,60.1622,15484613535
22,2.2,22,2.2,16188677621,11488738924,2.2,60.2916,16188668504
21,2.1,21,2.1,16959694838,11488825511,2.1,60.0197,16959685622
20,2,20,2,17808715849,11489494065,2,60.3706,17808706245
19,1.9,19,1.9,18746016460,11489493924,1.9,60.4112,18746006516
18,1.8,18,1.8,19785716588,11488480564,1.8,61.004,19785706092
17,1.7,17,1.7,20951880126,11489740675,1.7,61.7236,20951868994
16,1.6,16,1.6,22259299048,11488670439,1.6,62.2149,22259287261
